2.614 
3.357 
2.458 
2.757 
2.493 
2.620 
2.817 
2.229 
3.000 
3.194 
2.657 
2.549 
2.803 
2.314 
2.113 
2.643 
2.278 
2.592 
3.056 
3.347 
2.845 
2.648 
2.629 
2.671 
2.157 
2.857 
2.286 
2.746 
2.451 
2.479 
2.486 
2.915 
2.915 
3.055 
3.814 
3.192 
3.657 
3.153 
4.043 
4.528 
2.957 
3.575 
3.042 
2.620 
3.324 
4.171 
3.871 
4.143 
3.761 
4.056 
3.472 
3.836 
3.732 
3.371 
2.643 
3.514 
4.143 
4.083 
2.757 
2.775 
2.529 
2.457 
2.268 
2.569 
2.329 
2.529 
2.620 
2.577 
2.873 
3.500 
2.557 
3.029 
2.486 
2.429 
2.113 
2.957 
2.889 
3.129 
2.718 
2.629 
2.873 
2.843 
3.086 
2.714 
2.930 
2.443 
3.086 
2.986 
3.186 
3.042 
2.614 
2.268 
2.667 
2.667 
2.391 
2.714 
2.817 
2.971 
2.870 
3.127 
4.516 
4.563 
4.656 
4.656 
4.690 
4.359 
4.535 
4.479 
3.500 
4.889 
4.343 
1.375 
2.453 
1.586 
1.676 
3.125 
3.109 
3.125 
2.338 
3.531 
2.500 
2.547 
3.343 
4.032 
3.200 
3.056 
2.900 
2.250 
2.457 
2.300 
2.771 
2.718 
4.718 
2.873 
3.114 
2.729 
3.296 
2.543 
2.743 
2.186 
2.592 
4.514 
3.029 
2.540 
3.250 
2.857 
2.352 
2.486 
2.859 
2.324 
2.929 
2.429 
2.014 
1.543 
2.211 
2.200 
1.901 
2.817 
1.197 
2.114 
2.127 
2.521 
2.431 
2.457 
2.423 
4.686 
4.380 
2.732 
4.831 
2.314 
2.493 
4.521 
2.431 
2.314 
1.931 
2.257 
4.329 
2.507 
3.186 
2.271 
2.644 
2.514 
3.183 
2.043 
2.479 
4.656 
2.069 
4.486 
4.671 
2.127 
2.314 
2.141 
4.229 
4.500 
2.306 
4.310 
2.380 
2.366 
3.671 
2.324 
2.600 
2.634 
2.729 
2.000 
2.549 
2.014 
2.671 
2.143 
4.443 
1.986 
2.694 
2.789 
2.662 
2.871 
2.451 
4.600 
3.286 
2.366 
2.143 
2.471 
2.243 
2.620 
2.300 
1.859 
2.507 
2.845 
2.957 
2.514 
2.486 
2.671 
1.972 
2.028 
2.743 
2.514 
3.171 
2.343 
2.286 
2.286 
2.183 
2.943 
2.243 
3.819 
2.857 
2.557 
3.357 
2.746 
2.157 
2.282 
2.347 
2.757 
2.452 
2.096 
1.857 
2.507 
2.451 
3.000 
2.264 
2.057 
2.486 
2.386 
2.114 
2.057 
2.451 
1.775 
2.521 
2.257 
1.653 
2.042 
2.042 
2.543 
3.282 
2.239 
2.083 
2.200 
2.329 
2.722 
2.408 
3.306 
2.514 
2.329 
1.803 
3.014 
1.875 
2.343 
2.296 
2.042 
1.914 
2.157 
2.286 
2.171 
2.357 
2.286 
2.929 
2.653 
3.028 
2.423 
2.414 
2.757 
3.282 
2.319 
2.000 
2.529 
2.700 
2.486 
2.300 
2.986 
2.614 
2.597 
2.286 
2.700 
3.214 
3.071 
2.214 
2.535 
2.771 
3.070 
1.957 
2.296 
2.757 
3.274 
1.914 
2.211 
2.380 
2.310 
2.690 
3.543 
2.400 
2.271 
2.181 
2.639 
2.300 
3.056 
1.914 
3.111 
2.690 
2.944 
2.113 
2.543 
1.771 
2.186 
2.889 
1.871 
2.778 
2.786 
2.214 
2.686 
3.789 
2.028 
3.099 
2.157 
2.408 
2.028 
2.757 
2.324 
2.671 
3.429 
2.986 
2.918 
2.200 
2.606 
1.857 
2.625 
2.386 
3.056 
2.943 
2.732 
2.042 
2.183 
3.028 
3.057 
1.986 
2.452 
2.643 
2.043 
2.529 
2.333 
2.229 
2.986 
2.648 
3.431 
4.718 
4.803 
2.371 
2.282 
2.338 
2.082 
2.343 
2.437 
3.465 
3.529 
3.394 
2.746 
3.129 
2.292 
2.563 
2.457 
2.268 
2.343 
3.214 
2.443 
2.042 
2.700 
2.043 
2.761 
1.843 
2.071 
2.000 
2.257 
2.429 
1.657 
2.268 
1.571 
2.343 
1.817 
2.775 
2.714 
3.239 
2.113 
2.380 
2.324 
2.500 
2.620 
2.371 
2.972 
2.643 
2.845 
2.225 
2.155 
1.643 
1.986 
2.014 
1.914 
1.789 
1.986 
2.600 
2.071 
2.786 
2.371 
2.431 
1.542 
1.889 
2.171 
2.549 
1.944 
2.778 
1.958 
2.239 
1.943 
2.889 
1.929 
2.662 
2.486 
2.592 
2.614 
2.268 
2.314 
2.057 
1.886 
1.986 
3.042 
2.268 
2.429 
2.200 
2.181 
4.014 
4.243 
3.592 
3.732 
2.371 
2.586 
2.357 
2.197 
3.127 
2.529 
2.200 
2.000 
2.171 
2.186 
2.042 
1.958 
1.786 
2.657 
2.614 
2.914 
1.917 
2.225 
2.057 
3.271 
2.629 
2.296 
2.648 
2.563 
3.296 
2.086 
2.957 
3.186 
2.414 
2.549 
2.945 
3.324